{
 "cells": [
  {
   "cell_type": "markdown",
   "metadata": {},
   "source": [
    "# Waxman"
   ]
  },
  {
   "cell_type": "code",
   "execution_count": 16,
   "metadata": {},
   "outputs": [],
   "source": [
    "import scipy\n",
    "\n",
    "import seaborn as sns"
   ]
  },
  {
   "cell_type": "code",
   "execution_count": 17,
   "metadata": {},
   "outputs": [],
   "source": [
    "import networkx as nx\n",
    "import numpy as np\n",
    "import matplotlib.pyplot as plt\n",
    "import random\n",
    "import math\n",
    "\n",
    "class Waxman_square:\n",
    "    def __init__(self, n, R, gamma = 0.2, beta = 1.0):\n",
    "        # Alfa and beta are constants on the interval from 0 to 1.\n",
    "        # Constant n is the number of nodes, R is the length of the side of the square (in kilometers)\n",
    "        # gamma is the fibers loss rate?. Beta is usually 1 and state-of-the-art gamma is 0.2 dB per km\n",
    "        # for a state of the art capel alfa*sqrt(2)*R = 226 (km).\n",
    "        self.beta = beta\n",
    "        self.n = n\n",
    "        self.R = R\n",
    "        self.gamma = gamma\n",
    "        self.alfa = 226/(np.sqrt(2)*R)\n",
    "\n",
    "        # alustetaan tarvittavat matriisit nolla matriiseiksi, joissa n*n alkiota\n",
    "        self.distance_matrix = [[0 for _ in range(n)] for _ in range(n)]\n",
    "        self.propability_matrix = [[0 for _ in range(n)] for _ in range(n)]\n",
    "        self.adjacency_matrix_weighted_cap = [[0 for _ in range(n)] for _ in range(n)]\n",
    "        self.adjacency_matrix = [[0 for _ in range(n)] for _ in range(n)]\n",
    "        self.capacity_matrix = [[0 for _ in range(n)] for _ in range(n)]\n",
    "        self.min_cut_matrix = [[0 for _ in range(n)] for _ in range(n)]\n",
    "        self.min_weight_degree = [[0 for _ in range(n)] for _ in range(n)]\n",
    "\n",
    "        # create a Networkx graph from the nodes:\n",
    "        self.G = nx.Graph()\n",
    "        self.nodes = []\n",
    "        i=0\n",
    "        # next we create # n nodes with random coordinates on the square\n",
    "        while i < self.n :\n",
    "            noodi = (random.uniform(0, self.R), random.uniform(0, self.R))\n",
    "            self.nodes.append(noodi)\n",
    "            self.G.add_node(i, pos = noodi)\n",
    "            i += 1\n",
    "\n",
    "\n",
    "    def getDistance(self, node1: tuple, node2: tuple) -> float:\n",
    "        # returns the distance between two nodes of the graph\n",
    "        x = abs(node1[0] - node2[0])\n",
    "        y = abs(node1[1] - node2[1])\n",
    "        length = math.sqrt(x**2 + y**2)\n",
    "        return length\n",
    "    \n",
    "    def distanceMatrix(self) -> list:\n",
    "        #returns the distance matrix of the network\n",
    "        for i in range(self.n):\n",
    "            for j in range(self.n):\n",
    "                self.distance_matrix[i][j] = self.getDistance(self.nodes[i], self.nodes[j])\n",
    "        return self.distance_matrix\n",
    "\n",
    "    def propabilityMatrix(self) -> list:\n",
    "        # returns propability matrix from distance matrix according to p = e^(-D(x,y)/alfa*L)\n",
    "        for i in range(self.n):\n",
    "            for j in range(self.n):\n",
    "                if i != j:\n",
    "                    self.propability_matrix[i][j] = math.exp(- self.distance_matrix[i][j]/(self.alfa*self.R*math.sqrt(2)))\n",
    "                else:\n",
    "                    self.propability_matrix[i][j] = 0\n",
    "        return self.propability_matrix\n",
    "    \n",
    "    def adjacencyMatrix(self) -> list:\n",
    "        # determines links between nodes from the propabilities.\n",
    "        # should the element be zero ore none when there is no link?\n",
    "        for i in range(self.n):\n",
    "            for j in range(i, self.n):\n",
    "                if i != j:\n",
    "                    k = random.uniform(0, 1.0)\n",
    "                    if self.propability_matrix[i][j] >= k:\n",
    "                        self.adjacency_matrix[i][j] = self.adjacency_matrix[j][i] = 1\n",
    "\n",
    "                        distance = self.distance_matrix[i][j]\n",
    "                        self.adjacency_matrix_weighted_cap[i][j] = self.adjacency_matrix_weighted_cap[j][i] = - math.log2(1 - 10**(-self.gamma*distance*0.1))\n",
    "\n",
    "                        self.G.add_edge(i, j, weight=self.propability_matrix[i][j], capacity= self.adjacency_matrix_weighted_cap[i][j])\n",
    "                    else:\n",
    "                        self.adjacency_matrix[i][j] = self.adjacency_matrix[j][i] = None\n",
    "                        self.adjacency_matrix_weighted_cap[i][j] = self.adjacency_matrix_weighted_cap[j][i] = None\n",
    "                if i == j:\n",
    "                    self.adjacency_matrix[i][j] = None\n",
    "                    self.adjacency_matrix_weighted_cap[i][j] = None\n",
    "\n",
    "        return self.adjacency_matrix\n",
    "    \n",
    "    def degree(self) -> list:\n",
    "        # sum over rows gives degrees of nodes\n",
    "        self.degrees = [sum(element for element in row if element is not None) for row in self.adjacency_matrix]\n",
    "        return self.degrees\n",
    "    \n",
    "    def degree_weighted(self) -> list:\n",
    "        # for convenience lets sum over rows so we get degrees of nodes weighted with capacity\n",
    "        self.degree_weight = [sum(element for element in row if element is not None) for row in self.adjacency_matrix_weighted_cap]\n",
    "        return self.degree_weight\n",
    "\n",
    "\n",
    "    def capacityMatrix(self) -> list:\n",
    "        #creates a capacity matrix from the distance_matrix according to maximum capacity of the link\n",
    "        # C = log_2(1 - eta) = log_2(1-10^(-gamma*D/10))\n",
    "        # oletuksena kaikki arvot matriisissa nollia, joten muutetaan arvoja vain kun noodien välillä linkki\n",
    "        for i in range(self.n):\n",
    "            for j in range(self.n):\n",
    "                if self.adjacency_matrix[i][j] == 1:\n",
    "                    distance = self.distance_matrix[i][j]\n",
    "                    self.capacity_matrix[i][j] = - math.log2(1 - 10**(-self.gamma*distance*0.1))\n",
    "\n",
    "        return self.capacity_matrix \n",
    "    \n",
    "    def minimum_cuts(self) -> list:\n",
    "        # palauttaa matriisin, jonka alkiot ovat minimileikkauksia noodien välillä\n",
    "        for i in range(self.n):\n",
    "            for j in range(i+1, self.n):\n",
    "                if i != j:\n",
    "                    self.min_cut_matrix[i][j] = self.min_cut_matrix[j][i] = nx.minimum_cut_value(self.G, i, j) \n",
    "        return self.min_cut_matrix\n",
    "    \n",
    "    def min_degree_weight(self) -> list:\n",
    "        #palauttaa matriisin, jonka alkioina min(d_C(i),d_C(j)) missä d_C on noodin kapasiteetilla painotettu aste\n",
    "        for i in range(self.n):\n",
    "            for j in range(i+1, self.n):\n",
    "                if i != j:\n",
    "                    self.min_weight_degree[i][j] = self.min_weight_degree[j][i] = min(self.degree_weight[i],self.degree_weight[j])\n",
    "        return self.min_weight_degree\n",
    "    \n"
   ]
  },
  {
   "cell_type": "code",
   "execution_count": 18,
   "metadata": {},
   "outputs": [],
   "source": [
    "Ö=25\n",
    "testi = Waxman_square(n=Ö, R= 200)\n"
   ]
  },
  {
   "cell_type": "code",
   "execution_count": 19,
   "metadata": {},
   "outputs": [],
   "source": [
    "distance_matrix = testi.distanceMatrix()"
   ]
  },
  {
   "cell_type": "code",
   "execution_count": 20,
   "metadata": {},
   "outputs": [
    {
     "name": "stdout",
     "output_type": "stream",
     "text": [
      "[[0.0, 174.53643918402915, 136.48877600696377, 59.47356620477359, 140.57907161871395, 28.37426566874339, 87.64744046434821, 117.11527201472056, 19.852159136199322, 20.82891875928181, 28.46078202771228, 97.64263101251989, 202.9259402272579, 153.5975148858448, 125.10743694631684, 144.73787474905, 98.66866957615838, 38.14094652890026, 81.67617708048533, 97.29258239431049, 27.44024179627122, 134.7109125123456, 106.71513901379129, 73.36100454947987, 94.46437184576381], [174.53643918402915, 0.0, 39.47125836974438, 147.50581110714717, 49.533787325907696, 202.11619707459684, 166.7437911032948, 92.50248767067946, 194.20623278917768, 167.9081023824001, 181.05849992426187, 133.36143673118073, 94.32221498247624, 164.89188065140146, 54.489388861370614, 64.05153468475575, 137.15345590312836, 192.42447433003997, 176.22420785162342, 77.47221904250198, 188.85555909479078, 66.05098065053419, 76.89635984137419, 102.93007211841591, 145.05387085163892], [136.48877600696377, 39.47125836974438, 0.0, 108.2734296812347, 22.875335580910342, 163.63865060354945, 129.2714857936396, 59.0406673379924, 155.95532351706572, 128.82001889341439, 141.7544525546814, 97.25477270396661, 95.42423435600664, 137.08588884245032, 31.278432217492313, 41.52421514193231, 101.2037972588407, 153.02390221550434, 138.11456226149258, 41.32562448235672, 152.66170562520892, 37.52133560430222, 50.00115361767285, 63.90532585834617, 108.54398553047443], [59.47356620477359, 147.50581110714717, 108.2734296812347, 0.0, 103.01503229869925, 74.68981604051731, 34.88316646106557, 67.63857732315921, 70.97446818224753, 39.625990096887094, 44.1359700184336, 38.6421142961525, 151.8586456999697, 94.66533138235596, 111.2610158924181, 100.49662355286121, 39.31055432299918, 51.33236294202741, 36.34193073500416, 81.31482356190648, 86.70981946831989, 91.71832125252584, 101.99106640951538, 51.679771557673305, 35.123300401269745], [140.57907161871395, 49.533787325907696, 22.875335580910342, 103.01503229869925, 0.0, 166.19330993419206, 118.45599111982735, 43.03783820458387, 159.2250249250624, 129.74254694279216, 141.23414402807447, 84.36965141832931, 75.41551714194676, 117.22777331780868, 53.18359124598147, 18.701001647158186, 88.0638435145403, 151.52191209002754, 128.59242286361504, 53.959622615815384, 159.8981820362782, 16.82252447842782, 69.12021636024703, 67.52462724790546, 96.1973649669096], [28.37426566874339, 202.11619707459684, 163.63865060354945, 74.68981604051731, 166.19330993419206, 0.0, 94.49995836074164, 138.92276751239416, 8.929958663611515, 37.23949672177069, 31.21102843339323, 113.00527532367752, 224.72612882960712, 163.44966521473884, 153.36550559972977, 168.71993414035651, 113.11459224741427, 30.83567856872688, 85.36582811244432, 125.18336972613122, 34.73742948158203, 158.92558998897155, 135.08811639271985, 99.91527201722158, 107.18195631889827], [87.64744046434821, 166.7437911032948, 129.2714857936396, 34.88316646106557, 118.45599111982735, 94.49995836074164, 0.0, 76.62387927353011, 93.66555141987311, 66.83642250081161, 64.0887345684928, 35.03351908161734, 150.5768625173192, 69.17069823270782, 138.57767607521333, 110.54138683174504, 32.0594176316529, 64.75726714888769, 12.50400445778192, 110.09607148614609, 114.88765615034163, 103.89801279658897, 132.67884936685456, 82.22482956625757, 23.27547247442106], [117.11527201472056, 92.50248767067946, 59.0406673379924, 67.63857732315921, 43.03783820458387, 138.92276751239416, 76.62387927353011, 0.0, 133.3977301429369, 101.7194939412394, 110.34218410186983, 41.84950433656345, 85.93714705249978, 79.51992216101318, 79.78700763308298, 34.136769396081434, 45.3651384592147, 118.78672343828488, 87.53065285577944, 62.091399737472294, 140.93853632922995, 27.407121734993655, 85.55543798124825, 54.123719866473984, 53.774924899947884], [19.852159136199322, 194.20623278917768, 155.95532351706572, 70.97446818224753, 159.2250249250624, 8.929958663611515, 93.66555141987311, 133.3977301429369, 0.0, 31.981577777559213, 29.578689993899, 109.58699361955972, 219.32498700211622, 162.04319418702636, 144.95831931900997, 162.423754293063, 109.99707261495588, 32.774119338893044, 85.4255480805489, 117.06638199951708, 27.993968087024413, 152.5259391744159, 126.44038278582022, 92.46266806294778, 104.58689540544941], [20.82891875928181, 167.9081023824001, 128.82001889341439, 39.625990096887094, 129.74254694279216, 37.23949672177069, 66.83642250081161, 101.7194939412394, 31.981577777559213, 0.0, 14.93352618547888, 78.21902786921412, 187.5804929629969, 133.01718211511408, 122.14573648033083, 131.60115531525432, 78.92678342023906, 27.44666893063254, 61.231029788057185, 92.55109397088142, 48.20732874753462, 121.87601292718092, 106.36386058534364, 64.97980331028758, 74.21459278864795], [28.46078202771228, 181.05849992426187, 141.7544525546814, 44.1359700184336, 141.23414402807447, 31.21102843339323, 64.0887345684928, 110.34218410186983, 29.578689993899, 14.93352618547888, 0.0, 82.0213226172325, 195.56242756113792, 132.6245249414752, 136.45387857515107, 141.6782002481946, 82.0002630808098, 12.515722853893408, 56.054280876576705, 106.61088088434015, 53.101775547551206, 132.23961476278816, 121.11365024656946, 78.2909645781858, 75.9723761215432], [97.64263101251989, 133.36143673118073, 97.25477270396661, 38.6421142961525, 84.36965141832931, 113.00527532367752, 35.03351908161734, 41.84950433656345, 109.58699361955972, 78.21902786921412, 82.0213226172325, 0.0, 117.84697201176806, 60.35305147056939, 111.01108583773926, 75.56643717397151, 4.040589190731596, 87.37601401732334, 46.5706678120972, 85.37209155369689, 124.53420831890152, 69.24358535383922, 109.45557484936415, 62.44573249846698, 11.9288350839652], [202.9259402272579, 94.32221498247624, 95.42423435600664, 151.8586456999697, 75.41551714194676, 224.72612882960712, 150.5768625173192, 85.93714705249978, 219.32498700211622, 187.5804929629969, 195.56242756113792, 117.84697201176806, 0.0, 109.84523242043447, 126.65940911016303, 61.94118276835333, 119.66946164270941, 203.12981918893587, 162.96919881087155, 128.60996030431417, 226.03553779353854, 71.8851172569843, 144.3817941379996, 135.10634332606102, 128.155545928375], [153.5975148858448, 164.89188065140146, 137.08588884245032, 94.66533138235596, 117.22777331780868, 163.44966521473884, 69.17069823270782, 79.51992216101318, 162.04319418702636, 133.01718211511408, 132.6245249414752, 60.35305147056939, 109.84523242043447, 0.0, 159.2621795774047, 100.86475116261728, 57.75657169720649, 133.92794336253422, 79.80246547822469, 138.84231203933578, 181.01758986269132, 100.51865376911198, 163.0944450361108, 120.78679841739984, 59.65156691121587], [125.10743694631684, 54.489388861370614, 31.278432217492313, 111.2610158924181, 53.18359124598147, 153.36550559972977, 138.57767607521333, 79.78700763308298, 144.95831931900997, 122.14573648033083, 136.45387857515107, 111.01108583773926, 126.65940911016303, 159.2621795774047, 0.0, 71.16668324137528, 115.04608978571954, 148.62184252725817, 145.282945383164, 30.33256036018665, 136.4399524280106, 65.03798442398617, 22.41774461718644, 60.21335560950812, 120.92228807295845], [144.73787474905, 64.05153468475575, 41.52421514193231, 100.49662355286121, 18.701001647158186, 168.71993414035651, 110.54138683174504, 34.136769396081434, 162.423754293063, 131.60115531525432, 141.6782002481946, 75.56643717397151, 61.94118276835333, 100.86475116261728, 71.16668324137528, 0.0, 78.85882406273639, 150.9724445847052, 121.62079945646246, 67.24022446368761, 166.21298724980554, 10.196954053448632, 85.35099531200864, 74.03829937239522, 87.47158238633776], [98.66866957615838, 137.15345590312836, 101.2037972588407, 39.31055432299918, 88.0638435145403, 113.11459224741427, 32.0594176316529, 45.3651384592147, 109.99707261495588, 78.92678342023906, 82.0002630808098, 4.040589190731596, 119.66946164270941, 57.75657169720649, 115.04608978571954, 78.85882406273639, 0.0, 86.80961163020785, 43.923268442966624, 89.31946070447674, 125.7350520079019, 72.77194973827201, 113.36834457471974, 66.04830504801426, 8.78925836796292], [38.14094652890026, 192.42447433003997, 153.02390221550434, 51.33236294202741, 151.52191209002754, 30.83567856872688, 64.75726714888769, 118.78672343828488, 32.774119338893044, 27.44666893063254, 12.515722853893408, 87.37601401732334, 203.12981918893587, 133.92794336253422, 148.62184252725817, 150.9724445847052, 86.80961163020785, 0.0, 54.904350743906434, 118.65218560199374, 59.54893320290954, 141.7746351538994, 133.5483902856343, 89.96071283792496, 79.92230129729532], [81.67617708048533, 176.22420785162342, 138.11456226149258, 36.34193073500416, 128.59242286361504, 85.36582811244432, 12.50400445778192, 87.53065285577944, 85.4255480805489, 61.231029788057185, 56.054280876576705, 46.5706678120972, 162.96919881087155, 79.80246547822469, 145.282945383164, 121.62079945646246, 43.923268442966624, 54.904350743906434, 0.0, 116.01644602649337, 108.37882457932157, 114.56354093431838, 137.6800229439207, 87.07592802229043, 35.1654419183746], [97.29258239431049, 77.47221904250198, 41.32562448235672, 81.31482356190648, 53.959622615815384, 125.18336972613122, 110.09607148614609, 62.091399737472294, 117.06638199951708, 92.55109397088142, 106.61088088434015, 85.37209155369689, 128.60996030431417, 138.84231203933578, 30.33256036018665, 67.24022446368761, 89.31946070447674, 118.65218560199374, 116.01644602649337, 0.0, 111.72051644076068, 58.1228879255008, 24.341180343726837, 29.92466305306993, 94.18020845919115], [27.44024179627122, 188.85555909479078, 152.66170562520892, 86.70981946831989, 159.8981820362782, 34.73742948158203, 114.88765615034163, 140.93853632922995, 27.993968087024413, 48.20732874753462, 53.101775547551206, 124.53420831890152, 226.03553779353854, 181.01758986269132, 136.4399524280106, 166.21298724980554, 125.7350520079019, 59.54893320290954, 108.37882457932157, 111.72051644076068, 0.0, 156.03978722753757, 115.7642565313857, 92.59275905987207, 121.78343722648228], [134.7109125123456, 66.05098065053419, 37.52133560430222, 91.71832125252584, 16.82252447842782, 158.92558998897155, 103.89801279658897, 27.407121734993655, 152.5259391744159, 121.87601292718092, 132.23961476278816, 69.24358535383922, 71.8851172569843, 100.51865376911198, 65.03798442398617, 10.196954053448632, 72.77194973827201, 141.7746351538994, 114.56354093431838, 58.1228879255008, 156.03978722753757, 0.0, 77.44035141959705, 63.84236054886944, 81.16308903576673], [106.71513901379129, 76.89635984137419, 50.00115361767285, 101.99106640951538, 69.12021636024703, 135.08811639271985, 132.67884936685456, 85.55543798124825, 126.44038278582022, 106.36386058534364, 121.11365024656946, 109.45557484936415, 144.3817941379996, 163.0944450361108, 22.41774461718644, 85.35099531200864, 113.36834457471974, 133.5483902856343, 137.6800229439207, 24.341180343726837, 115.7642565313857, 77.44035141959705, 0.0, 50.62143590289989, 117.89528956413675], [73.36100454947987, 102.93007211841591, 63.90532585834617, 51.679771557673305, 67.52462724790546, 99.91527201722158, 82.22482956625757, 54.123719866473984, 92.46266806294778, 64.97980331028758, 78.2909645781858, 62.44573249846698, 135.10634332606102, 120.78679841739984, 60.21335560950812, 74.03829937239522, 66.04830504801426, 89.96071283792496, 87.07592802229043, 29.92466305306993, 92.59275905987207, 63.84236054886944, 50.62143590289989, 0.0, 69.15720406935743], [94.46437184576381, 145.05387085163892, 108.54398553047443, 35.123300401269745, 96.1973649669096, 107.18195631889827, 23.27547247442106, 53.774924899947884, 104.58689540544941, 74.21459278864795, 75.9723761215432, 11.9288350839652, 128.155545928375, 59.65156691121587, 120.92228807295845, 87.47158238633776, 8.78925836796292, 79.92230129729532, 35.1654419183746, 94.18020845919115, 121.78343722648228, 81.16308903576673, 117.89528956413675, 69.15720406935743, 0.0]]\n"
     ]
    }
   ],
   "source": [
    "print(distance_matrix)"
   ]
  },
  {
   "cell_type": "code",
   "execution_count": 21,
   "metadata": {},
   "outputs": [],
   "source": [
    "probability_matrix = testi.propabilityMatrix()"
   ]
  },
  {
   "cell_type": "code",
   "execution_count": 22,
   "metadata": {},
   "outputs": [
    {
     "name": "stdout",
     "output_type": "stream",
     "text": [
      "[[0, 0.46195623162396465, 0.5466575973412982, 0.7686209279285476, 0.5368528253167587, 0.8820117967261905, 0.6785341067989961, 0.5955861881756336, 0.9159061168275435, 0.9119561626416609, 0.8816742133410312, 0.6491788386732655, 0.4074233792396787, 0.5068019303624931, 0.5748922023978424, 0.5270641167859026, 0.6462382510470007, 0.8447071750143199, 0.6967009498226244, 0.6501851228953142, 0.8856645612551847, 0.5509749219497031, 0.6236344618405778, 0.7228119302329146, 0.6583727977119133], [0.46195623162396465, 0, 0.8397495505515618, 0.5206482651377946, 0.8031803057212589, 0.40888576869956966, 0.47816262465294346, 0.6641129471839526, 0.423450093795508, 0.47570555159983297, 0.44881531322705004, 0.5542747077369823, 0.6587870528150672, 0.4820969271972828, 0.7857603034245548, 0.7532079929349879, 0.5450522056699406, 0.4268017210447938, 0.45851919101026345, 0.7097819779653995, 0.4335951272590201, 0.7465736724901151, 0.7115928437319333, 0.6341670984900899, 0.5263276839334761], [0.5466575973412982, 0.8397495505515618, 0, 0.6193492356860713, 0.9037357267177349, 0.4847777087043784, 0.5643968022613732, 0.7700946182218235, 0.501542061770058, 0.5655253914220769, 0.5340680087347939, 0.6502939076504668, 0.6555825000689843, 0.5452151839051574, 0.8707501978176613, 0.8321559088848043, 0.6390296579273944, 0.5080898827751495, 0.54273919316035, 0.832887462070608, 0.5089048206846637, 0.8470262366222246, 0.8015210511741754, 0.7536954322571683, 0.6186082255262498], [0.7686209279285476, 0.5206482651377946, 0.6193492356860713, 0, 0.633928740857659, 0.7185744848490141, 0.856971776291439, 0.7413475462468677, 0.7304851917469566, 0.8391748097200152, 0.8225945054200119, 0.8428360645476586, 0.5107163606140198, 0.6577876318433805, 0.6112156842502026, 0.6410323691419159, 0.8403468918919293, 0.7968137237318639, 0.8514580864781214, 0.6978158025390582, 0.6813550333059595, 0.6664212639977606, 0.6368074760663843, 0.795589797639006, 0.8560616934638009], [0.5368528253167587, 0.8031803057212589, 0.9037357267177349, 0.633928740857659, 0, 0.47932873239861123, 0.5920634009533399, 0.8266012105523228, 0.49433813679087274, 0.5632216318121409, 0.5352989833327689, 0.6884469318727744, 0.7162707947934557, 0.5952897830963905, 0.790313461918091, 0.9205832937472679, 0.6772850645893497, 0.5114778807318777, 0.5660951974652253, 0.7876043634041318, 0.4928679060902373, 0.9282669285617581, 0.7365032242336494, 0.7417214307998783, 0.6533436286737692], [0.8820117967261905, 0.40888576869956966, 0.4847777087043784, 0.7185744848490141, 0.47932873239861123, 0, 0.6582691368760087, 0.5408017538911144, 0.9612573696728226, 0.8480832005328895, 0.8710099350368583, 0.606516502154194, 0.369958884718475, 0.48518325834997167, 0.5073224751826226, 0.47399979908805184, 0.6062231991213355, 0.8724577452302473, 0.6854190313473861, 0.5746990792543799, 0.8575245760946993, 0.4949935359565044, 0.5500560877177402, 0.6426834526658465, 0.6223476348543193], [0.6785341067989961, 0.47816262465294346, 0.5643968022613732, 0.856971776291439, 0.5920634009533399, 0.6582691368760087, 0, 0.7124513045973495, 0.6607040021234089, 0.7439835290654783, 0.7530840241567062, 0.856401842211738, 0.5136211727912887, 0.7363387290581366, 0.5416281636772279, 0.6131650187429829, 0.8677463502613183, 0.7508596113552595, 0.9461752689564327, 0.6143744036218378, 0.6014857342283715, 0.6314568175189752, 0.5559513132178749, 0.6950116440723796, 0.9021370626928052], [0.5955861881756336, 0.6641129471839526, 0.7700946182218235, 0.7413475462468677, 0.8266012105523228, 0.5408017538911144, 0.7124513045973495, 0, 0.5541857037324637, 0.637573154499396, 0.6137057178228612, 0.8309590212237489, 0.6836885077820768, 0.7033799507711352, 0.7025491914681525, 0.8598067260051814, 0.8181327240944907, 0.591197598776482, 0.6788848362429253, 0.7597691006455197, 0.5359996118003186, 0.8857943639721078, 0.6848442184717558, 0.7870326961454926, 0.7882482934263901], [0.9159061168275435, 0.423450093795508, 0.501542061770058, 0.7304851917469566, 0.49433813679087274, 0.9612573696728226, 0.6607040021234089, 0.5541857037324637, 0, 0.8680452745212175, 0.877323784436658, 0.6157598767862, 0.37890697815205027, 0.4882121255788075, 0.5265502593751923, 0.4873907197501819, 0.6146435881172119, 0.8650065263518876, 0.6852379349097073, 0.5957150437842957, 0.8834972362335041, 0.5092106302357966, 0.5715114732382871, 0.6642299695152343, 0.62953497096938], [0.9119561626416609, 0.47570555159983297, 0.5655253914220769, 0.8391748097200152, 0.5632216318121409, 0.8480832005328895, 0.7439835290654783, 0.637573154499396, 0.8680452745212175, 0, 0.9360582706322963, 0.7074404000489766, 0.43604833518910846, 0.5551196503364493, 0.5824756712363074, 0.5586087301488272, 0.7052284014452457, 0.8856393745109609, 0.762667013700222, 0.6639701303598124, 0.8079082617301264, 0.5831712517506165, 0.6246045488975266, 0.7501206238488636, 0.720087062652174], [0.8816742133410312, 0.44881531322705004, 0.5340680087347939, 0.8225945054200119, 0.5352989833327689, 0.8710099350368583, 0.7530840241567062, 0.6137057178228612, 0.877323784436658, 0.9360582706322963, 0, 0.6956377653098659, 0.4209166373573337, 0.556084965278803, 0.5467420151252457, 0.5342482334621214, 0.6957025904932248, 0.9461262098009338, 0.7803382562143975, 0.6239222227344082, 0.7905996201184268, 0.5570328641262567, 0.5851417769890991, 0.7072152547585434, 0.7145080919885346], [0.6491788386732655, 0.5542747077369823, 0.6502939076504668, 0.8428360645476586, 0.6884469318727744, 0.606516502154194, 0.856401842211738, 0.8309590212237489, 0.6157598767862, 0.7074404000489766, 0.6956377653098659, 0, 0.5936610301534286, 0.7656356307285341, 0.6118919925187388, 0.7157926376008743, 0.9822801627185911, 0.6793495171601084, 0.8137802587462908, 0.6854000356732852, 0.5763522154590632, 0.7361012911971082, 0.616118044655459, 0.7585788344822498, 0.948586349189211], [0.4074233792396787, 0.6587870528150672, 0.6555825000689843, 0.5107163606140198, 0.7162707947934557, 0.369958884718475, 0.5136211727912887, 0.6836885077820768, 0.37890697815205027, 0.43604833518910846, 0.4209166373573337, 0.5936610301534286, 0, 0.6150566808628343, 0.5709578651845623, 0.7602742694498972, 0.5888929313622033, 0.40705600048086465, 0.4862158345736648, 0.5660512705812957, 0.3678215978272473, 0.7275476818116358, 0.5278952019211405, 0.5500117274019745, 0.5671905652895768], [0.5068019303624931, 0.4820969271972828, 0.5452151839051574, 0.6577876318433805, 0.5952897830963905, 0.48518325834997167, 0.7363387290581366, 0.7033799507711352, 0.4882121255788075, 0.5551196503364493, 0.556084965278803, 0.7656356307285341, 0.6150566808628343, 0, 0.49425687372927873, 0.6399890522179712, 0.7744826261211266, 0.5528870657939119, 0.7025011404716062, 0.5409943123277098, 0.44889656421837437, 0.6409698851001624, 0.4859464548082914, 0.5859886487925114, 0.7680157898595835], [0.5748922023978424, 0.7857603034245548, 0.8707501978176613, 0.6112156842502026, 0.790313461918091, 0.5073224751826226, 0.5416281636772279, 0.7025491914681525, 0.5265502593751923, 0.5824756712363074, 0.5467420151252457, 0.6118919925187388, 0.5709578651845623, 0.49425687372927873, 0, 0.7298641715648873, 0.6010642201726268, 0.5180835417356573, 0.5257944663050728, 0.8744021626294595, 0.546775706471898, 0.7499275387333358, 0.9055674092017862, 0.7661090342309336, 0.585637446997362], [0.5270641167859026, 0.7532079929349879, 0.8321559088848043, 0.6410323691419159, 0.9205832937472679, 0.47399979908805184, 0.6131650187429829, 0.8598067260051814, 0.4873907197501819, 0.5586087301488272, 0.5342482334621214, 0.7157926376008743, 0.7602742694498972, 0.6399890522179712, 0.7298641715648873, 0, 0.705440499125355, 0.5127229355776171, 0.5838301775325855, 0.7426554149858476, 0.4792870001324406, 0.955883470900962, 0.6854640181497901, 0.7206489924490611, 0.6790623021156756], [0.6462382510470007, 0.5450522056699406, 0.6390296579273944, 0.8403468918919293, 0.6772850645893497, 0.6062231991213355, 0.8677463502613183, 0.8181327240944907, 0.6146435881172119, 0.7052284014452457, 0.6957025904932248, 0.9822801627185911, 0.5888929313622033, 0.7744826261211266, 0.6010642201726268, 0.705440499125355, 0, 0.681054241791072, 0.8233690607692314, 0.6735326187026811, 0.5732979082741726, 0.7246983515006434, 0.6055429149636024, 0.7465825111902206, 0.9618560037689938], [0.8447071750143199, 0.4268017210447938, 0.5080898827751495, 0.7968137237318639, 0.5114778807318777, 0.8724577452302473, 0.7508596113552595, 0.591197598776482, 0.8650065263518876, 0.8856393745109609, 0.9461262098009338, 0.6793495171601084, 0.40705600048086465, 0.5528870657939119, 0.5180835417356573, 0.5127229355776171, 0.681054241791072, 0, 0.7843188812317352, 0.5915496435777352, 0.7683646491939183, 0.5340203167025208, 0.5538163857087421, 0.6716242467312826, 0.7021287400992933], [0.6967009498226244, 0.45851919101026345, 0.54273919316035, 0.8514580864781214, 0.5660951974652253, 0.6854190313473861, 0.9461752689564327, 0.6788848362429253, 0.6852379349097073, 0.762667013700222, 0.7803382562143975, 0.8137802587462908, 0.4862158345736648, 0.7025011404716062, 0.5257944663050728, 0.5838301775325855, 0.8233690607692314, 0.7843188812317352, 0, 0.5984890162325959, 0.6190604700613775, 0.6023489667002128, 0.5437837435807105, 0.680252166195625, 0.8559020811839708], [0.6501851228953142, 0.7097819779653995, 0.832887462070608, 0.6978158025390582, 0.7876043634041318, 0.5746990792543799, 0.6143744036218378, 0.7597691006455197, 0.5957150437842957, 0.6639701303598124, 0.6239222227344082, 0.6854000356732852, 0.5660512705812957, 0.5409943123277098, 0.8744021626294595, 0.7426554149858476, 0.6735326187026811, 0.5915496435777352, 0.5984890162325959, 0, 0.6099742301749729, 0.7732283086255933, 0.8978930302141291, 0.8759817570840092, 0.6592011300571524], [0.8856645612551847, 0.4335951272590201, 0.5089048206846637, 0.6813550333059595, 0.4928679060902373, 0.8575245760946993, 0.6014857342283715, 0.5359996118003186, 0.8834972362335041, 0.8079082617301264, 0.7905996201184268, 0.5763522154590632, 0.3678215978272473, 0.44889656421837437, 0.546775706471898, 0.4792870001324406, 0.5732979082741726, 0.7683646491939183, 0.6190604700613775, 0.6099742301749729, 0, 0.5013546538567042, 0.5991572325411245, 0.6638477329056539, 0.583410183370679], [0.5509749219497031, 0.7465736724901151, 0.8470262366222246, 0.6664212639977606, 0.9282669285617581, 0.4949935359565044, 0.6314568175189752, 0.8857943639721078, 0.5092106302357966, 0.5831712517506165, 0.5570328641262567, 0.7361012911971082, 0.7275476818116358, 0.6409698851001624, 0.7499275387333358, 0.955883470900962, 0.7246983515006434, 0.5340203167025208, 0.6023489667002128, 0.7732283086255933, 0.5013546538567042, 0, 0.7098820693778718, 0.7539054467600459, 0.6982844675943123], [0.6236344618405778, 0.7115928437319333, 0.8015210511741754, 0.6368074760663843, 0.7365032242336494, 0.5500560877177402, 0.5559513132178749, 0.6848442184717558, 0.5715114732382871, 0.6246045488975266, 0.5851417769890991, 0.616118044655459, 0.5278952019211405, 0.4859464548082914, 0.9055674092017862, 0.6854640181497901, 0.6055429149636024, 0.5538163857087421, 0.5437837435807105, 0.8978930302141291, 0.5991572325411245, 0.7098820693778718, 0, 0.7993242031005361, 0.5935341222690691], [0.7228119302329146, 0.6341670984900899, 0.7536954322571683, 0.795589797639006, 0.7417214307998783, 0.6426834526658465, 0.6950116440723796, 0.7870326961454926, 0.6642299695152343, 0.7501206238488636, 0.7072152547585434, 0.7585788344822498, 0.5500117274019745, 0.5859886487925114, 0.7661090342309336, 0.7206489924490611, 0.7465825111902206, 0.6716242467312826, 0.680252166195625, 0.8759817570840092, 0.6638477329056539, 0.7539054467600459, 0.7993242031005361, 0, 0.7363826961897206], [0.6583727977119133, 0.5263276839334761, 0.6186082255262498, 0.8560616934638009, 0.6533436286737692, 0.6223476348543193, 0.9021370626928052, 0.7882482934263901, 0.62953497096938, 0.720087062652174, 0.7145080919885346, 0.948586349189211, 0.5671905652895768, 0.7680157898595835, 0.585637446997362, 0.6790623021156756, 0.9618560037689938, 0.7021287400992933, 0.8559020811839708, 0.6592011300571524, 0.583410183370679, 0.6982844675943123, 0.5935341222690691, 0.7363826961897206, 0]]\n"
     ]
    }
   ],
   "source": [
    "print(probability_matrix)"
   ]
  },
  {
   "cell_type": "markdown",
   "metadata": {},
   "source": [
    "# linkkien arpominen/muodostaminen todnäk mukaan:"
   ]
  },
  {
   "cell_type": "markdown",
   "metadata": {},
   "source": [
    "linkkien todennäköisyydet p= beta*exp(-d/alfa*L):"
   ]
  },
  {
   "cell_type": "code",
   "execution_count": 23,
   "metadata": {},
   "outputs": [],
   "source": [
    "adj_matrix = testi.adjacencyMatrix()"
   ]
  },
  {
   "cell_type": "code",
   "execution_count": 24,
   "metadata": {},
   "outputs": [
    {
     "name": "stdout",
     "output_type": "stream",
     "text": [
      "[[None, None, None, 1, 1, 1, 1, None, 1, None, 1, None, None, None, None, 1, 1, 1, None, None, 1, 1, 1, None, 1], [None, None, 1, None, None, 1, 1, None, None, None, 1, 1, None, 1, 1, 1, None, None, 1, 1, 1, None, 1, 1, None], [None, 1, None, 1, 1, None, 1, None, None, 1, 1, None, None, 1, 1, None, None, None, 1, 1, 1, 1, None, 1, None], [1, None, 1, None, 1, None, 1, 1, 1, 1, 1, 1, None, 1, 1, None, 1, 1, 1, 1, 1, 1, 1, 1, 1], [1, None, 1, 1, None, 1, None, 1, 1, None, 1, None, None, 1, None, 1, 1, 1, None, 1, 1, 1, 1, None, 1], [1, 1, None, None, 1, None, None, None, 1, 1, 1, 1, None, None, 1, None, 1, 1, None, None, 1, None, 1, None, 1], [1, 1, 1, 1, None, None, None, 1, 1, 1, 1, 1, 1, 1, 1, None, None, 1, 1, None, 1, 1, None, 1, 1], [None, None, None, 1, 1, None, 1, None, None, None, 1, 1, None, None, 1, 1, 1, 1, None, 1, 1, 1, 1, 1, 1], [1, None, None, 1, 1, 1, 1, None, None, 1, 1, 1, 1, None, 1, 1, None, 1, None, None, None, 1, None, 1, 1], [None, None, 1, 1, None, 1, 1, None, 1, None, 1, 1, None, 1, 1, 1, None, 1, 1, 1, 1, 1, 1, 1, 1], [1, 1, 1, 1, 1, 1, 1, 1, 1, 1, None, 1, None, 1, 1, None, None, 1, None, None, 1, None, 1, None, 1], [None, 1, None, 1, None, 1, 1, 1, 1, 1, 1, None, 1, None, 1, None, 1, None, 1, 1, None, None, None, 1, 1], [None, None, None, None, None, None, 1, None, 1, None, None, 1, None, 1, None, 1, 1, None, 1, 1, 1, None, 1, None, 1], [None, 1, 1, 1, 1, None, 1, None, None, 1, 1, None, 1, None, None, 1, 1, None, 1, 1, None, None, 1, None, 1], [None, 1, 1, 1, None, 1, 1, 1, 1, 1, 1, 1, None, None, None, 1, 1, 1, 1, None, 1, 1, 1, 1, 1], [1, 1, None, None, 1, None, None, 1, 1, 1, None, None, 1, 1, 1, None, 1, 1, None, None, None, 1, 1, 1, 1], [1, None, None, 1, 1, 1, None, 1, None, None, None, 1, 1, 1, 1, 1, None, None, 1, 1, 1, 1, 1, 1, 1], [1, None, None, 1, 1, 1, 1, 1, 1, 1, 1, None, None, None, 1, 1, None, None, 1, None, 1, None, None, None, 1], [None, 1, 1, 1, None, None, 1, None, None, 1, None, 1, 1, 1, 1, None, 1, 1, None, 1, None, 1, 1, 1, 1], [None, 1, 1, 1, 1, None, None, 1, None, 1, None, 1, 1, 1, None, None, 1, None, 1, None, 1, 1, 1, 1, 1], [1, 1, 1, 1, 1, 1, 1, 1, None, 1, 1, None, 1, None, 1, None, 1, 1, None, 1, None, None, None, 1, 1], [1, None, 1, 1, 1, None, 1, 1, 1, 1, None, None, None, None, 1, 1, 1, None, 1, 1, None, None, 1, 1, None], [1, 1, None, 1, 1, 1, None, 1, None, 1, 1, None, 1, 1, 1, 1, 1, None, 1, 1, None, 1, None, 1, 1], [None, 1, 1, 1, None, None, 1, 1, 1, 1, None, 1, None, None, 1, 1, 1, None, 1, 1, 1, 1, 1, None, 1], [1, None, None, 1, 1, 1, 1, 1, 1, 1, 1, 1, 1, 1, 1, 1, 1, 1, 1, 1, 1, None, 1, 1, None]]\n"
     ]
    }
   ],
   "source": [
    "print(adj_matrix)"
   ]
  },
  {
   "cell_type": "markdown",
   "metadata": {},
   "source": [
    "# kapasiteetit linkeille:"
   ]
  },
  {
   "cell_type": "code",
   "execution_count": 25,
   "metadata": {},
   "outputs": [],
   "source": [
    "capacit_matrix = testi.capacityMatrix()"
   ]
  },
  {
   "cell_type": "code",
   "execution_count": 26,
   "metadata": {},
   "outputs": [
    {
     "name": "stdout",
     "output_type": "stream",
     "text": [
